image_width: 2208
image_height: 1242
camera_name: zed_2208_left
camera_matrix:
  rows: 3
  cols: 3
  data: [1399.470719897621, 0, 1116.296167659375, 0, 1398.134915600561, 609.6883438295407, 0, 0, 1]
distortion_model: plumb_bob
distortion_coefficients:
  rows: 1
  cols: 5
  data: [-0.166212783360736, 0.02497668601892276, -0.0009068670897479867, -0.004082359166541454, 0]
rectification_matrix:
  rows: 3
  cols: 3
  data: [0.9999939915647295, -0.0003915251733359568, -0.003444349354902418, 0.000392693116380238, 0.9999998656320528, 0.0003384198469499435, 0.003444216392203025, -0.0003397703858582579, 0.9999940109468299]
projection_matrix:
  rows: 3
  cols: 4
  data: [1384.673204927181, 0, 1111.204833984375, 0, 0, 1384.673204927181, 620.7756958007812, 0, 0, 0, 1, 0]