image_width: 1280
image_height: 720
camera_name: zed_1280_left
camera_matrix:
  rows: 3
  cols: 3
  data: [700.0866420582372, 0, 647.4471161630235, 0, 697.9345391336901, 354.2049294474637, 0, 0, 1]
distortion_model: plumb_bob
distortion_coefficients:
  rows: 1
  cols: 5
  data: [-0.1685088080381586, 0.02447758371430335, -0.0005828301635531032, -0.002068767825951114, 0]
rectification_matrix:
  rows: 3
  cols: 3
  data: [0.9986660280718807, -0.01196239415189358, -0.05023012543572193, 0.01176772272812444, 0.9999220647466678, -0.004169548483323978, 0.05027608852056413, 0.003572892233967796, 0.9987289669195325]
projection_matrix:
  rows: 3
  cols: 4
  data: [679.9106280418378, 0, 725.7082977294922, 0, 0, 679.9106280418378, 362.9116821289062, 0, 0, 0, 1, 0]