image_width: 1280
image_height: 720
camera_name: zed_1280_right
camera_matrix:
  rows: 3
  cols: 3
  data: [697.5848558204723, 0, 647.2238082766344, 0, 695.7355852618663, 369.4398482440886, 0, 0, 1]
distortion_model: plumb_bob
distortion_coefficients:
  rows: 1
  cols: 5
  data: [-0.170683830827164, 0.02455991332469279, 0.0002661112625556463, -0.001568484232596433, 0]
rectification_matrix:
  rows: 3
  cols: 3
  data: [0.9972965003026385, -0.01612194749063765, -0.07169221222154026, 0.01639964322817679, 0.9998601156149687, 0.003286472943770519, 0.07162919925629324, -0.004453314667833655, 0.9974213882819896]
projection_matrix:
  rows: 3
  cols: 4
  data: [679.9106280418378, 0, 725.7082977294922, -84.14972880359176, 0, 679.9106280418378, 362.9116821289062, 0, 0, 0, 1, 0]