image_width: 2208
image_height: 1242
camera_name: zed_2208_right
camera_matrix:
  rows: 3
  cols: 3
  data: [1401.375615421684, 0, 1117.367758410019, 0, 1402.969954445279, 633.1569895656872, 0, 0, 1]
distortion_model: plumb_bob
distortion_coefficients:
  rows: 1
  cols: 5
  data: [-0.1702741822360022, 0.01678495318379065, 5.156497554913022e-05, -0.003774295717517087, 0]
rectification_matrix:
  rows: 3
  cols: 3
  data: [0.9999682170618269, -0.001230753493035034, -0.007877189348407039, 0.00122808228059869, 0.9999991867608748, -0.00034393531535569, 0.007877606241959214, 0.0003342505474211469, 0.9999689153151053]
projection_matrix:
  rows: 3
  cols: 4
  data: [1384.673204927181, 0, 1111.204833984375, -163.1013326135129, 0, 1384.673204927181, 620.7756958007812, 0, 0, 0, 1, 0]